{
 "cells": [
  {
   "cell_type": "code",
   "execution_count": 63,
   "metadata": {},
   "outputs": [
    {
     "data": {
      "text/plain": [
       "'<!-- Image Map Generated by http://www.image-map.net/ -->\\n<img src=\"IMG_6818.png\" usemap=\"#image-map\">\\n\\n<map name=\"image-map\">\\n    <area target=\"\" alt=\"\" title=\"\" href=\"\" coords=\"859,2573,1147,2554,1794,2309,2400,1913,2790,1325,2344,1331,2008,1563,1361,2015\" shape=\"poly\">\\n</map>\\n\\n\\n<!-- Image Map Generated by http://www.image-map.net/ -->\\n<img src=\"IMG_6819.png\" usemap=\"#image-map\">\\n\\n<map name=\"image-map\">\\n    <area target=\"\" alt=\"\" title=\"\" href=\"\" coords=\"536,2431,784,2480,1460,2405,2211,2170,2726,1675,2154,1603,1778,1758,1113,2052\" shape=\"poly\">\\n</map>'"
      ]
     },
     "execution_count": 63,
     "metadata": {},
     "output_type": "execute_result"
    }
   ],
   "source": [
    "\"\"\"<!-- Image Map Generated by http://www.image-map.net/ -->\n",
    "<img src=\"IMG_6818.png\" usemap=\"#image-map\">\n",
    "\n",
    "<map name=\"image-map\">\n",
    "    <area target=\"\" alt=\"\" title=\"\" href=\"\" coords=\"859,2573,1147,2554,1794,2309,2400,1913,2790,1325,2344,1331,2008,1563,1361,2015\" shape=\"poly\">\n",
    "</map>\n",
    "\n",
    "\n",
    "<!-- Image Map Generated by http://www.image-map.net/ -->\n",
    "<img src=\"IMG_6819.png\" usemap=\"#image-map\">\n",
    "\n",
    "<map name=\"image-map\">\n",
    "    <area target=\"\" alt=\"\" title=\"\" href=\"\" coords=\"536,2431,784,2480,1460,2405,2211,2170,2726,1675,2154,1603,1778,1758,1113,2052\" shape=\"poly\">\n",
    "</map>\"\"\""
   ]
  },
  {
   "cell_type": "code",
   "execution_count": 64,
   "metadata": {},
   "outputs": [
    {
     "name": "stdout",
     "output_type": "stream",
     "text": [
      "-  -  -  -  -  -  -  -  -\n",
      "0  0  0  0  0  0  0  0  0\n",
      "0  0  0  0  0  0  0  0  0\n",
      "0  0  0  0  0  0  0  0  0\n",
      "0  0  0  0  0  0  0  0  0\n",
      "0  0  0  0  0  0  0  0  0\n",
      "0  0  0  0  0  0  0  0  0\n",
      "0  0  0  0  0  0  0  0  0\n",
      "0  0  0  0  0  0  0  0  0\n",
      "-  -  -  -  -  -  -  -  -\n",
      "----------------  -----------  ----  -----------  -----------  ----  ----  ----  -\n",
      "460424            1.37913e+06   536  2.08823e+06  6.25496e+06  2431   859  2573  1\n",
      "899248            2.00234e+06   784  2.84456e+06  6.33392e+06  2480  1147  2554  1\n",
      "     2.61924e+06  3.37114e+06  1460  4.31457e+06  5.55314e+06  2405  1794  2309  1\n",
      "     5.3064e+06   4.22964e+06  2211  5.208e+06    4.15121e+06  2170  2400  1913  1\n",
      "     7.60554e+06  3.61195e+06  2726  4.67325e+06  2.21938e+06  1675  2790  1325  1\n",
      "     5.04898e+06  2.86697e+06  2154  3.75743e+06  2.13359e+06  1603  2344  1331  1\n",
      "     3.57022e+06  2.77901e+06  1778  3.53006e+06  2.74775e+06  1758  2008  1563  1\n",
      "     1.51479e+06  2.2427e+06   1113  2.79277e+06  4.13478e+06  2052  1361  2015  1\n",
      "----------------  -----------  ----  -----------  -----------  ----  ----  ----  -\n",
      "f: [-4.73747043e-08 -3.38729797e-07  7.13832145e-04  4.88489898e-07\n",
      "  6.30134314e-08 -7.98249754e-04 -9.62059862e-04  1.78422208e-04\n",
      "  9.99998948e-01]\n",
      "Fundamental Matrix:\n",
      " [[-4.73747043e-08 -3.38729797e-07  7.13832145e-04]\n",
      " [ 4.88489898e-07  6.30134314e-08 -7.98249754e-04]\n",
      " [-9.62059862e-04  1.78422208e-04  9.99998948e-01]]\n",
      "Rank 2 Forced Fundamental Matrix:\n",
      " [[-4.76737023e-08 -3.39139403e-07  7.13832144e-04]\n",
      " [ 4.87807843e-07  6.20790638e-08 -7.98249754e-04]\n",
      " [-9.62059862e-04  1.78422207e-04  9.99998948e-01]]\n",
      "KT * K:\n",
      " [[8.56907236e+07 0.00000000e+00 4.24189220e+06]\n",
      " [0.00000000e+00 7.02049167e+09 3.00924341e+07]\n",
      " [4.24189220e+06 3.00924341e+07 3.38971979e+05]]\n",
      "Essential Matrix:\n",
      " [[-4.08503942e+03  7.27786668e+02  4.30305653e+06]\n",
      " [-2.55260721e+04  5.80498406e+03  2.44882967e+07]\n",
      " [-3.11634237e+02  6.09096460e+01  3.17978343e+05]]\n",
      "2\n",
      "2\n",
      "[-0.04944156 -0.0042811   0.99876784]\n"
     ]
    }
   ],
   "source": [
    "import numpy as np\n",
    "from tabulate import tabulate\n",
    "\n",
    "img1u = [859,1147,1794,2400,2790,2344,2008,1361]\n",
    "img1v = [2573,2554,2309,1913,1325,1331,1563,2015]\n",
    "img2u = [536,784,1460,2211,2726,2154,1778,1113]\n",
    "img2v = [2431,2480,2405,2170,1675,1603,1758,2052]\n",
    "n = 8\n",
    "A = np.full((n, 9), int(0), dtype = np.float64)\n",
    "print(tabulate(A))\n",
    "\n",
    "\n",
    "for i in range(n):\n",
    "    A[i][0] = img1u[i] * img2u[i]\n",
    "    A[i][1] = img1v[i] * img2u[i]\n",
    "    A[i][2] = img2u[i]\n",
    "    A[i][3] = img1u[i] * img2v[i]\n",
    "    A[i][4] = img1v[i] * img2v[i]\n",
    "    A[i][5] = img2v[i]\n",
    "    A[i][6] = img1u[i]\n",
    "    A[i][7] = img1v[i]\n",
    "    A[i][8] = 1\n",
    "\n",
    "print(tabulate(A))\n",
    "\n",
    "U, Sigma, VT = np.linalg.svd(A)\n",
    "\n",
    "f = VT[-1]\n",
    "print(\"f:\", f)\n",
    "F = f.reshape(3, 3)\n",
    "print(\"Fundamental Matrix:\\n\", F)\n",
    "\n",
    "U, Sigma, VT = np.linalg.svd(F)\n",
    "Sigma[2] = 0\n",
    "F2 = np.dot(U, np.dot(np.diag(Sigma), VT))\n",
    "print(\"Rank 2 Forced Fundamental Matrix:\\n\", F2)\n",
    "\n",
    "K = np.array([\n",
    "    [9.25692841e+03, 0, 4.58239711e+02],\n",
    "    [0, 8.37883743e+04, 3.59148084e+02],\n",
    "    [0, 0, 1]\n",
    "])\n",
    "\n",
    "KTK = np.matmul(K.T, K)\n",
    "print(\"KT * K:\\n\", KTK)\n",
    "E = np.matmul(KTK, F2)\n",
    "print(\"Essential Matrix:\\n\", E)\n",
    "\n",
    "F2Rank = np.linalg.matrix_rank(F2)\n",
    "ERank = np.linalg.matrix_rank(E)\n",
    "print(F2Rank)\n",
    "print(ERank)\n",
    "\n",
    "U, Sigma, VT = np.linalg.svd(E)\n",
    "t = U[:, 2]\n",
    "print(t)\n"
   ]
  }
 ],
 "metadata": {
  "kernelspec": {
   "display_name": "myenv",
   "language": "python",
   "name": "python3"
  },
  "language_info": {
   "codemirror_mode": {
    "name": "ipython",
    "version": 3
   },
   "file_extension": ".py",
   "mimetype": "text/x-python",
   "name": "python",
   "nbconvert_exporter": "python",
   "pygments_lexer": "ipython3",
   "version": "3.12.1"
  }
 },
 "nbformat": 4,
 "nbformat_minor": 2
}
